DEFAULT_DATAPOINT_DURATION = 0
n: 12101966
gauge: 3.02 s
Num blocks: 1008
Num datapoints: 12101966, max datapoints: 12327
count: 144328
Avg: 0.6676723153748684
average_linear_scan: 169.79 μs
count: 144328
Avg: 0.6676723153748684
average_linear_scan: 144.19 μs
0, 1007, 503
504, 1007, 755
756, 1007, 881
756, 880, 818
819, 880, 849
850, 880, 865
850, 864, 857
858, 864, 861
862, 864, 863
862, 862, 862
count: 144328
Avg: 0.6676723153748684
average: 111.40 μs
0, 1007, 503
504, 1007, 755
756, 1007, 881
756, 880, 818
819, 880, 849
850, 880, 865
850, 864, 857
858, 864, 861
862, 864, 863
862, 862, 862
Max: 0.8197603225708008
Max: 152.47 μs
0, 1007, 503
504, 1007, 755
756, 1007, 881
756, 880, 818
819, 880, 849
850, 880, 865
850, 864, 857
858, 864, 861
862, 864, 863
862, 862, 862
count: 144328
95th: 0.8005487322807312
95th: 1358.07 μs
0, 1007, 503
504, 1007, 755
756, 1007, 881
756, 880, 818
819, 880, 849
850, 880, 865
850, 864, 857
858, 864, 861
862, 864, 863
862, 862, 862
average_in_window: 1068.51 μs

====================================================================================================================
strict ordering

n: 12101966
gauge: 0.36 s
Num blocks: 1008
Num datapoints: 12101966, max datapoints: 6164
0, 1007, 503
504, 1007, 755
756, 1007, 881
756, 880, 818
819, 880, 849
850, 880, 865
850, 864, 857
858, 864, 861
862, 864, 863
862, 862, 862
Avg: 0.6676723153748684
average: 116.01 μs
0, 1007, 503
504, 1007, 755
756, 1007, 881
756, 880, 818
819, 880, 849
850, 880, 865
850, 864, 857
858, 864, 861
862, 864, 863
862, 862, 862
Avg: 0.6676723153748684
average: 102.64 μs
0, 1007, 503
504, 1007, 755
756, 1007, 881
756, 880, 818
819, 880, 849
850, 880, 865
850, 864, 857
858, 864, 861
862, 864, 863
862, 862, 862
Avg (tags=1): 0.6676688100408572
average: 52.59 μs
0, 1007, 503
504, 1007, 755
756, 1007, 881
756, 880, 818
819, 880, 849
850, 880, 865
850, 864, 857
858, 864, 861
862, 864, 863
862, 862, 862
Avg sqrt: 0.8142669893568452
average: 380.55 μs
0, 1007, 503
504, 1007, 755
756, 1007, 881
756, 880, 818
819, 880, 849
850, 880, 865
850, 864, 857
858, 864, 861
862, 864, 863
862, 862, 862
Max: 0.8197603225708008
max: 143.16 μs
0, 1007, 503
504, 1007, 755
756, 1007, 881
756, 880, 818
819, 880, 849
850, 880, 865
850, 864, 857
858, 864, 861
862, 864, 863
862, 862, 862
95th: 0.8005487322807312
95th: 1458.43 μs
0, 1007, 503
504, 1007, 755
756, 1007, 881
756, 880, 818
819, 880, 849
850, 880, 865
850, 864, 857
858, 864, 861
862, 864, 863
862, 862, 862
average_in_window: 1082.71 μs


====================================================================================================================
DEFAULT_DATAPOINT_DURATION = 0.5
n: 12101966
gauge: 0.32 s
Num blocks: 1008
Num datapoints: 1099978
count: 13087
Avg: 0.6677417105815714
average_linear_scan: 16.99 μs
count: 13087
Avg: 0.6677417105815714
average_linear_scan: 10.15 μs
0, 1007, 503
504, 1007, 755
756, 1007, 881
756, 880, 818
819, 880, 849
850, 880, 865
850, 864, 857
858, 864, 861
862, 864, 863
862, 862, 862
count: 13087
Avg: 0.6677417105815714
average: 12.21 μs
0, 1007, 503
504, 1007, 755
756, 1007, 881
756, 880, 818
819, 880, 849
850, 880, 865
850, 864, 857
858, 864, 861
862, 864, 863
862, 862, 862
Max: 0.8148193359375
Max: 14.09 μs
0, 1007, 503
504, 1007, 755
756, 1007, 881
756, 880, 818
819, 880, 849
850, 880, 865
850, 864, 857
858, 864, 861
862, 864, 863
862, 862, 862
count: 13087
95th: 0.8004873394966125
95th: 118.72 μs